8923685865436469516673584316841928762695
9752963372212883648876928144865554393443
5534647267238551911195126119238259727918
1856777818543549952828753525944535149787
8343376991578938147489244379656661965279
3728956579591517948121469763696191738937
9893174728249582788129661788151137986965
4699293194611549751841817538732552937194
5192917471439878192846429231815738622425
4598272252946212311931947394563418157963
5547421872567236884979617775633957269875
5589618514794473325444842661344253977327
5441752594362143296481592494196516231416
9945175937913395616974728544517641824334
7933932281329477255552276118527985538894
7122831183764525315164224427815145128551
2641432715686544584439318624478175949694
1194227373997187841199546173735599662978
9832813388245917784948212734389747876668
4939513816819986652612973189181683565867