7341343984514362197981253821532388143382553535915172154355438279981728588493981455872859396772453429
3732938579182728769287431448533816547956819889691811662932511792685214471193656388982545835917989896
8345569473693972533572158398519863896168876398628376998978953843127645145444936213323821945168621794
6928898728196777698692796915719791893549338135848944884639416167334388342293358833258887897976933876
6866995479181422795122595731391555556639361285983958689258763882387579548166373219226135635849937728
8178921915727374921462283732497534493333863384619212493214411949411648266474645577722222276659471917
5722735952785259346357811856411492585974113592867364965799182662478188731742316488651517587226362997
2979955165637244497576115865592875261759397741252652865565916659272367585416448817469975773368417393
1963192162459498464234826158254238796868131497664168337839284869246156784838957554391585548115167129
7517877111927252241822343159831538239438438197255352912866458828681271683775487742498418563245774881
7978352859557683129462388361624969569541119332146948196913594651325345556515537512354391986843762135
7699614161722482128944599415314358511422348975592658322238445176163422958871261669351612113488181552
2576997865771366562557787774899712571917854246751331293754356947177744339936443395919766866161453666
3522722318818798953371942494313691488316644674264582891165931944961285297747832949489446385356829999
5796447594294766354817514313359234336389553355447752219858424625272211812895698993942989861136191735
5455283892317445123919574722627255211368225434936723253696151631529713853146486481152249548681199199
2371625485131362417763417764146274825786663731648771965137862639376257942692726577425747154553351741
3965892876219287653797719737971688876593372671432195327899828121478236215479463461266959661367628857
2253334182441156573996712176763651122719536762861345627443388554457943957568352562357848393873233589
7889217443443926892921233499145551346413449924548454359374463141659867559398748436234475223274531363
6982939195369924541664613863525512114855958353344749131328617931638262547757169685263248721828844838
9585968631957128253868394686573425571192355216529146158741545253587912651769123448186723526238952348
9457723755532814215529186264473122473264877418679217155381887323582336956355997353985771291473861356
1322721987324282778527572749492218759423532143745845411439254567816419122324374328798925485483623181
4381294526338262665874638943729256439378157588825847213158139824741321328768436828788816285424476818
8137862261436198979278152789786844955972699719649737769815783338849666476619976981799547899266521793
8452759529417428676217483539517924667481899281113334226923196138473198548892548343561163563248746199
7173335457373222249562829393197566927414228323767719862537332166688842949967182621388229853718172998
1227462437746146394532335144392734698914852842948594367948472129427137677776292161799965399881593848
1633647465913632164197636919947224176343964983311295362443887924899241171263143588653918861219619551
3732411765534815528845587264697687264469858634395963147122146961978581586669593262619252477419187798
5555166991837993121781213673325224522598872682926349592222533613972671277691188239889266858971193837
2255677346537998328589893424989318981588916314472594328937482316459489381742878948852788445817928872
2617516996543612383472142356834146852479415125441885891241654538878489967861365139524796539299572243
8693439547439543833393525869776171814599258499882555854876483647533549231969163482262847118328415294
7593529491543965659477256699676289437163775699554928875481567733871937595218174844827414624967187138
2727647775517589859715874725854576287195357355495673211982641734837973965845689726638118152618965598
1368357255175299265464284717647739723463291158535785536812399512152596819488651912943731433717822453
2519583456362293693691318167234537262584126934263947698792514614915417427784654176642637697541268552
6364218996635286239342313586846671641938232223927567366627998571149741427316724152278732835692729336
8884433135689433629268226811347644553894966154759612479612715327293127388243646322899594246521127738
7642214767394476738943829832383478856996569514314385888572421826246492284696815868165675345585518774
9488654578774764955766548189919127973343684646615865198893868283452689388787611495785881153735261253
5697344484391179717868485745148126778644978214683533494178373223576881394637555646633878269871851959
9159989939192367971414354773853946917527286377942771793195255841875856918761223986175158896172141827
5521294899765936457351781554876171354476581435861672689328878756453583248346576218829549533896114393
4547215969988658986824559856247855833726952274662266315986191281589276345341368736922538755361978333
5545198157768362237675893347678989917855775241298315532589748291536544113154179436423511663576667788
3846633975693874415293592453157228677123863441825239229949837983939936477549677712858837897124127322
3638732666819734357614853526847758735815596247973351578964255788892177453691899863742521959577159435